arrival_rate    seed    utilization     fraction_served mean_number_in_system   mean_delay      total_served    total_arrived   clock_time
0.00500 400430923       0.1499648457    1.0000000000    0.1631807610    32.6438026751   50000000        50000000        10002344171.7666740417
0.00500 400474322       0.1500223010    0.9999999800    0.1632540855    32.6459635069   50000000        50000001        9998513484.9497566223
0.00500 89101112        0.1499849770    1.0000000000    0.1632130246    32.6458745158   50000000        50000000        10001001635.4297714233
0.00500 424242  0.1500191604    1.0000000000    0.1632531094    32.6464517451   50000000        50000000        9998722801.8222732544
0.00500 8675309 0.1500334247    1.0000000000    0.1632736438    32.6474538900   50000000        50000000        9997772184.2280349731
0.00500 1357911 0.1500023893    1.0000000000    0.1632434641    32.6481727805   50000000        50000000        9999840715.7490272522
0.00500 24681012        0.1500193206    1.0000000000    0.1632572947    32.6472538281   50000000        50000000        9998712123.5449771881
0.00500 31415926        0.1500303466    0.9999999800    0.1632843941    32.6502733111   50000000        50000001        9997977300.7879352570
0.00500 27182818        0.1499835973    1.0000000000    0.1632134365    32.6462572025   50000000        50000000        10001093630.9767150879
0.00500 16180339        0.1499967388    1.0000000000    0.1632345321    32.6476162375   50000000        50000000        10000217420.7973709106
AVG     0.00500 10_seeds        avg_mean_delay  32.6469119692
Completed arrival_rate=0.00500
0.01000 400430923       0.2999296904    1.0000000000    0.3641466170    36.4231980353   50000000        50000000        5001172100.8833370209
0.01000 400474322       0.3000446012    0.9999999800    0.3643221461    36.4267990115   50000000        50000001        4999256757.4748783112
0.01000 89101112        0.2999699512    1.0000000000    0.3642064569    36.4242940350   50000000        50000000        5000500862.7148857117
0.01000 424242  0.3000383199    1.0000000000    0.3643740582    36.4327521525   50000000        50000000        4999361415.9111366272
0.01000 8675309 0.3000668485    1.0000000000    0.3643589270    36.4277755595   50000000        50000000        4998886107.1140174866
0.01000 1357911 0.3000047777    1.0000000000    0.3643213280    36.4315526057   50000000        50000000        4999920372.8745136261
0.01000 24681012        0.3000386404    1.0000000000    0.3643365488    36.4289627798   50000000        50000000        4999356076.7724885941
0.01000 31415926        0.3000606913    0.9999999800    0.3643758449    36.4302145016   50000000        50000001        4998988683.4150991440
0.01000 27182818        0.2999671938    1.0000000000    0.3642170297    36.4256862733   50000000        50000000        5000546830.4883575439
0.01000 16180339        0.2999934762    1.0000000000    0.3642868557    36.4294777715   50000000        50000000        5000108732.7023849487
AVG     0.01000 10_seeds        avg_mean_delay  36.4280712726
Completed arrival_rate=0.01000
0.01500 400430923       0.4498945343    1.0000000000    0.6337829857    42.2621039427   50000000        50000000        3334114743.9220914841
0.01500 400474322       0.4500669004    0.9999999800    0.6341753519    42.2720723079   50000000        50000001        3332837848.3145041466
0.01500 89101112        0.4499549228    1.0000000000    0.6338764600    42.2626641783   50000000        50000000        3333667271.8101887703
0.01500 424242  0.4500574786    1.0000000000    0.6342804033    42.2799597924   50000000        50000000        3332907620.6056532860
0.01500 8675309 0.4501002700    1.0000000000    0.6342414057    42.2733409362   50000000        50000000        3332590757.6986360550
0.01500 1357911 0.4500071618    0.9999999800    0.6341667377    42.2771096666   50000000        50000001        3333280283.6668157578
0.01500 24681012        0.4500579592    1.0000000000    0.6342196422    42.2758644264   50000000        50000000        3332904061.1810255051
0.01500 31415926        0.4500910248    0.9999999400    0.6342190665    42.2727202948   50000000        50000003        3332659212.2762718201
0.01500 27182818        0.4499507893    1.0000000000    0.6339289843    42.2665544346   50000000        50000000        3333697896.9923095703
0.01500 16180339        0.4499902116    1.0000000000    0.6340718931    42.2723790489   50000000        50000000        3333405841.8013854027
AVG     0.01500 10_seeds        avg_mean_delay  42.2714769029
Completed arrival_rate=0.01500
0.02000 400430923       0.5998593773    1.0000000000    1.0494045692    52.4825288543   50000000        50000000        2500586065.4416685104
0.02000 400474322       0.6000891988    0.9999999800    1.0501994986    52.5021697164   50000000        50000001        2499628393.7374391556
0.02000 89101112        0.5999398868    0.9999999800    1.0494083799    52.4756764648   50000000        50000001        2500250496.7387928963
0.02000 424242  0.6000766328    0.9999999800    1.0504109750    52.5138416188   50000000        50000001        2499680737.6465964317
0.02000 8675309 0.6001336898    1.0000000000    1.0504398180    52.5102907512   50000000        50000000        2499443083.2738838196
0.02000 1357911 0.6000095419    0.9999999600    1.0500306471    52.5006974289   50000000        50000002        2499960242.7500820160
0.02000 24681012        0.6000772767    1.0000000000    1.0503790809    52.5121907670   50000000        50000000        2499678055.2547292709
0.02000 31415926        0.6001213500    0.9999998800    1.0501543235    52.4970986372   50000000        50000006        2499494477.3638811111
0.02000 27182818        0.5999343791    1.0000000000    1.0496376501    52.4876229773   50000000        50000000        2500273450.2889146805
0.02000 16180339        0.5999869452    1.0000000000    1.0499958588    52.5009352585   50000000        50000000        2500054396.3511924744
AVG     0.02000 10_seeds        avg_mean_delay  52.4983052474
Completed arrival_rate=0.02000
0.02500 400430923       0.7498242165    1.0000000000    1.8707088200    74.8458950254   50000000        50000000        2000468865.7907285690
0.02500 400474322       0.7501114358    0.9999999000    1.8730736451    74.9118153273   50000000        50000005        1999702881.9994165897
0.02500 89101112        0.7499247890    0.9999999400    1.8712835861    74.8588503885   50000000        50000003        2000200582.7801067829
0.02500 424242  0.7500957763    0.9999999600    1.8734235335    74.9273729787   50000000        50000002        1999744629.0292370319
0.02500 8675309 0.7501671077    0.9999999800    1.8747924133    74.9749913308   50000000        50000001        1999554478.6189396381
0.02500 1357911 0.7500118649    0.9999999200    1.8722958525    74.8906493375   50000000        50000004        1999968360.6795024872
0.02500 24681012        0.7500965914    1.0000000000    1.8741549700    74.9565452586   50000000        50000000        1999742456.2033705711
0.02500 31415926        0.7501516537    0.9999998600    1.8729652528    74.9034642596   50000000        50000007        1999595671.8647723198
0.02500 27182818        0.7499179649    0.9999999800    1.8716216805    74.8730568443   50000000        50000001        2000218784.2314269543
0.02500 16180339        0.7499836769    0.9999999800    1.8728039813    74.9137896801   50000000        50000001        2000043529.0810236931
AVG     0.02500 10_seeds        avg_mean_delay  74.9056430431
Completed arrival_rate=0.02500
0.02800 400430923       0.8398031150    1.0000000000    3.0265544495    108.1165714523  50000000        50000000        1786132931.9559795856
0.02800 400474322       0.8401247521    0.9999997800    3.0369365111    108.4459124675  50000000        50000011        1785449120.7144973278
0.02800 89101112        0.8399157168    0.9999998600    3.0307259706    108.2510748365  50000000        50000007        1785893477.1242189407
0.02800 424242  0.8401072468    0.9999999200    3.0337866364    108.3356909936  50000000        50000004        1785486324.1338496208
0.02800 8675309 0.8401871481    0.9999999600    3.0375995958    108.4615351223  50000000        50000002        1785316525.4515450001
0.02800 1357911 0.8400132403    0.9999998400    3.0309376507    108.2460670306  50000000        50000008        1785686139.1777017117
0.02800 24681012        0.8401081207    0.9999999200    3.0365205067    108.4332039589  50000000        50000004        1785484466.8238053322
0.02800 31415926        0.8401698189    0.9999998000    3.0314604803    108.2445624277  50000000        50000010        1785353349.1649446487
0.02800 27182818        0.8399081146    0.9999999600    3.0310674169    108.2642504847  50000000        50000002        1785909641.6352512836
0.02800 16180339        0.8399817032    0.9999999400    3.0341638414    108.3653547371  50000000        50000003        1785753182.7562329769
AVG     0.02800 10_seeds        avg_mean_delay  108.3164223511
Completed arrival_rate=0.02800
0.03000 400430923       0.8997890249    1.0000000000    4.9035242350    163.4891324324  50000000        50000000        1667057452.9362120628
0.03000 400474322       0.9001336230    0.9999997400    4.9317563006    164.3674730424  50000000        50000013        1666419253.3319962025
0.03000 89101112        0.8999096631    0.9999998200    4.9177546777    163.9416114494  50000000        50000009        1666833973.9827976227
0.03000 424242  0.9001147797    0.9999997000    4.9190704093    163.9481048574  50000000        50000015        1666454138.8594913483
0.03000 8675309 0.9002004919    0.9999999200    4.9290425644    164.2648257412  50000000        50000004        1666295468.1012103558
0.03000 1357911 0.9000141445    0.9999997600    4.9129136095    163.7612133015  50000000        50000012        1666640473.6338860989
0.03000 24681012        0.9001157648    0.9999998600    4.9262142200    164.1860218246  50000000        50000007        1666452315.0357058048
0.03000 31415926        0.9001819250    0.9999998000    4.9170981631    163.8701475683  50000000        50000010        1666329836.5539069176
0.03000 27182818        0.8999015471    0.9999999400    4.9173330861    163.9290354199  50000000        50000003        1666849006.8593120575
0.03000 16180339        0.8999803758    0.9999999400    4.9231184465    164.1075265253  50000000        50000003        1666703008.5730910301
AVG     0.03000 10_seeds        avg_mean_delay  163.9865092162
Completed arrival_rate=0.03000
0.03200 400430923       0.9597743903    0.9999994000    12.3268339526   385.3041113583  50000000        50000030        1562867289.5272052288
0.03200 400474322       0.9601424277    0.9999996000    12.4293556759   388.3597469732  50000000        50000020        1562268218.4825110435
0.03200 89101112        0.9599035474    0.9999997000    12.3752213431   386.7645257537  50000000        50000015        1562657002.3690986633
0.03200 424242  0.9601222219    0.9999995400    12.4231684542   388.1745939429  50000000        50000023        1562301096.4317693710
0.03200 8675309 0.9602131279    0.9999993600    12.4481474092   388.9182635033  50000000        50000032        1562153189.2169423103
0.03200 1357911 0.9600149793    0.9999996400    12.4024227704   387.5696641416  50000000        50000018        1562475619.9474880695
0.03200 24681012        0.9601232917    0.9999997600    12.5022605463   390.6454719415  50000000        50000012        1562299355.7635133266
0.03200 31415926        0.9601940044    0.9999997000    12.4110764405   387.7677755812  50000000        50000015        1562184301.4232444763
0.03200 27182818        0.9598948533    0.9999998000    12.3305405512   385.3716011307  50000000        50000010        1562671155.9358217716
0.03200 16180339        0.9599790456    0.9999999200    12.4513598677   389.1134892277  50000000        50000004        1562534106.1623373032
AVG     0.03200 10_seeds        avg_mean_delay  387.7989243554
Completed arrival_rate=0.03200
0.03300 400430923       0.9897667508    0.9999987600    49.2385945810   1492.4302480891 50000000        50000062        1515508576.9495906830
0.03300 400474322       0.9901467045    0.9999994200    49.7351248219   1506.9016923773 50000000        50000029        1514927023.6803872585
0.03300 89101112        0.9899001972    0.9999992600    49.3293255329   1494.9787566848 50000000        50000037        1515304274.4182262421
0.03300 424242  0.9901233052    0.9999969400    50.9163068913   1542.7262430285 50000000        50000153        1514962825.4858717918
0.03300 8675309 0.9902186435    0.9999982600    51.3985994925   1557.1894095426 50000000        50000087        1514816964.7802588940
0.03300 1357911 0.9900143237    0.9999986800    49.6805860591   1505.4505233991 50000000        50000066        1515129593.6888408661
0.03300 24681012        0.9901269378    0.9999995600    51.4904740623   1560.1173576579 50000000        50000022        1514957267.4064888954
0.03300 31415926        0.9901998247    0.9999993800    51.6492887090   1564.8141138242 50000000        50000031        1514845753.8694703579
0.03300 27182818        0.9898912572    0.9999996000    49.6618332269   1505.0693557682 50000000        50000020        1515317959.4584789276
0.03300 16180339        0.9899775769    0.9999988800    50.6780652812   1535.7337316686 50000000        50000056        1515185833.5031862259